%YAML:1.0
---
K: !!opencv-matrix
   rows: 3
   cols: 3
   dt: d
   data: [ 4.0196979896077926e+02, 0., 3.5145045878616651e+02, 0.,
       3.6253220279677629e+02, 2.1712411145226679e+02, 0., 0., 1. ]
D: !!opencv-matrix
   rows: 1
   cols: 5
   dt: d
   data: [ -2.4429092066375235e-01, 2.9050736627327323e-01,
       2.2343746644029678e-02, -2.8220254993228628e-02,
       -4.4544160079843886e-01 ]
