%YAML:1.0
---
K: !!opencv-matrix
   rows: 3
   cols: 3
   dt: d
   data: [ 3.9368036586942924e+02, 0., 3.5481667136628795e+02, 0.,
       3.5739699667583898e+02, 2.3514416279963564e+02, 0., 0., 1. ]
D: !!opencv-matrix
   rows: 1
   cols: 5
   dt: d
   data: [ -1.4304041307427498e-01, -4.4519688587835066e-01,
       1.4892588115907088e-02, -1.5697230230886806e-02,
       1.6967957680044687e+00 ]
