%YAML:1.0
---
K: !!opencv-matrix
   rows: 3
   cols: 3
   dt: d
   data: [ 5.5784945277489976e+02, 0., 3.3092432310295214e+02, 0.,
       5.0523492734249999e+02, 2.1951086105187989e+02, 0., 0., 1. ]
D: !!opencv-matrix
   rows: 1
   cols: 5
   dt: d
   data: [ -3.8924417586027682e-01, 1.6898546988326019e-01,
       1.0455516984864617e-02, -5.4787991306153297e-03,
       7.0602365072455861e-02 ]
