%YAML:1.0
---
K1: !!opencv-matrix
   rows: 3
   cols: 3
   dt: d
   data: [ 5.5784945277489976e+02, 0., 3.3092432310295214e+02, 0.,
       5.0523492734249999e+02, 2.1951086105187989e+02, 0., 0., 1. ]
D1: !!opencv-matrix
   rows: 1
   cols: 5
   dt: d
   data: [ -3.8924417586027682e-01, 1.6898546988326019e-01,
       1.0455516984864617e-02, -5.4787991306153297e-03,
       7.0602365072455861e-02 ]
K2: !!opencv-matrix
   rows: 3
   cols: 3
   dt: d
   data: [ 5.4530683768031372e+02, 0., 3.2913377555049624e+02, 0.,
       4.9374130121783310e+02, 2.5677480613372586e+02, 0., 0., 1. ]
D2: !!opencv-matrix
   rows: 1
   cols: 5
   dt: d
   data: [ -3.9401151729865136e-01, 1.3122867045192022e-01,
       -2.3243600463339334e-03, 6.5762365552801520e-04,
       2.4124547877614790e-02 ]
R: !!opencv-matrix
   rows: 3
   cols: 3
   dt: d
   data: [ 9.9911579820615293e-01, 1.2539639489949531e-02,
       4.0129530477491945e-02, -1.8253610560101524e-02,
       9.8921081461866867e-01, 1.4535738695707945e-01,
       -3.7873836304261638e-02, -1.4596137051607894e-01,
       9.8856504633770359e-01 ]
T: !!opencv-matrix
   rows: 3
   cols: 1
   dt: d
   data: [ -7.2231359521967766e+00, 7.2809064263634121e-02,
       -2.9377012335870756e-02 ]
E: !!opencv-matrix
   rows: 3
   cols: 3
   dt: d
   data: [ -3.2937951239856277e-03, 1.8432747497916086e-02,
       7.6246661737332369e-02, -3.0291890578579322e-01,
       -1.0546672001505879e+00, 7.1393608415750691e+00,
       5.9103624335664157e-02, -7.1461171987914334e+00,
       -1.0528579612104645e+00 ]
F: !!opencv-matrix
   rows: 3
   cols: 3
   dt: d
   data: [ 5.2304496896653483e-09, -3.2318869877678296e-08,
       -6.2179531628975572e-05, 5.3126390760120317e-07,
       2.0423163681706488e-06, -7.6090201295711665e-03,
       -1.8931637716049096e-04, 6.3186829774387887e-03, 1. ]
R1: !!opencv-matrix
   rows: 3
   cols: 3
   dt: d
   data: [ 9.9908674078090132e-01, 1.9746624751035800e-03,
       4.2682374628241503e-02, -5.0911640980538797e-03,
       9.9731665193897379e-01, 7.3031334462423214e-02,
       -4.2423630725373140e-02, -7.3181940896269310e-02,
       9.9641589664292896e-01 ]
R2: !!opencv-matrix
   rows: 3
   cols: 3
   dt: d
   data: [ 9.9994093170154197e-01, -1.0079384361297204e-02,
       4.0668315369039067e-03, 1.0350041953134293e-02,
       9.9726499376750521e-01, -7.3180658902922163e-02,
       -3.3180927384084367e-03, 7.3218428122944018e-02,
       9.9731040907221280e-01 ]
P1: !!opencv-matrix
   rows: 3
   cols: 4
   dt: d
   data: [ 3.0874955508693569e+02, 0., 3.2710395431518555e+02, 0., 0.,
       3.0874955508693569e+02, 2.2392587661743164e+02, 0., 0., 0., 1.,
       0. ]
P2: !!opencv-matrix
   rows: 3
   cols: 4
   dt: d
   data: [ 3.0874955508693569e+02, 0., 3.2710395431518555e+02,
       -2.2302717499305722e+03, 0., 3.0874955508693569e+02,
       2.2392587661743164e+02, 0., 0., 0., 1., 0. ]
Q: !!opencv-matrix
   rows: 4
   cols: 4
   dt: d
   data: [ 1., 0., 0., -3.2710395431518555e+02, 0., 1., 0.,
       -2.2392587661743164e+02, 0., 0., 0., 3.0874955508693569e+02, 0.,
       0., 1.3843584536124218e-01, 0. ]
