%YAML:1.0
---
K: !!opencv-matrix
   rows: 3
   cols: 3
   dt: d
   data: [ 5.4530683768031372e+02, 0., 3.2913377555049624e+02, 0.,
       4.9374130121783310e+02, 2.5677480613372586e+02, 0., 0., 1. ]
D: !!opencv-matrix
   rows: 1
   cols: 5
   dt: d
   data: [ -3.9401151729865136e-01, 1.3122867045192022e-01,
       -2.3243600463339334e-03, 6.5762365552801520e-04,
       2.4124547877614790e-02 ]
